1.1210746028934033 , 0.4733305858361716 , 0.29254274259182805
1.147389169987086 , 0.4036238992971702 , 0.36030229197546904
1.173543899004274 , 0.25232029338558204 , 0.5042352978052345
1.1544517213439633 , 0.08628455068693856 , 0.6654386499836017
1.1002482014378243 , -0.035122116860463834 , 0.7975535034669363
1.0535311161367957 , -0.08550119778061499 , 0.8747875005290794
1.0335534046646582 , -0.08136372781012186 , 0.9063086636429681
1.0148044490990102 , -0.06337728542066927 , 0.9350363856700523
0.9888614618895969 , -0.040903506675849924 , 0.9703149367468658
0.9611909867218688 , -0.019384112610898986 , 1.0034725790695553
0.9292948690345548 , 0.00291177654341801 , 1.037196054306425
0.8949651023975793 , 0.024433634209614342 , 1.0691730740509349
0.857943657825011 , 0.04526038981961012 , 1.099542634576643
0.8181590671511555 , 0.06530724273121508 , 1.1281946293605103
0.7766626925337177 , 0.08398633738307575 , 1.1543272499238373
0.7343640237163899 , 0.10096108479690874 , 1.1775335892033552
0.6897722664062553 , 0.11683400242705759 , 1.1986730767039424
0.6441100097016659 , 0.13113401901638752 , 1.2171316270879933
0.5972284795490942 , 0.14392477936415551 , 1.233010103856534
0.5485613448154938 , 0.15532623575517573 , 1.2464323784282414
0.499737495466537 , 0.16413755730145177 , 1.2569978770517805
0.45021484295704706 , 0.1727686056412162 , 1.2647277105187609
0.40056116940445713 , 0.17903335951846414 , 1.2696877177208405
0.35038595794270144 , 0.1836344266434153 , 1.271865969348362
0.30070208669199433 , 0.18652057556041873 , 1.2712230607595412
0.25133956913142175 , 0.18775839145894418 , 1.2677947064506123
0.20136855313965774 , 0.18735515687657534 , 1.2614200390198413
0.15296132964209336 , 0.18535751385946705 , 1.252346836200471
0.1059288376921328 , 0.18186908470921354 , 1.2406483633594358
0.05968154348718954 , 0.1769037486631493 , 1.2261778875063907
0.014817632542889148 , 0.17056971118421665 , 1.2090827765001297
-0.02583639005103769 , 0.16346972399585852 , 1.1907237715768346
-0.06580827280584865 , 0.15514514268968638 , 1.1696964594940606
-0.09907262339992481 , 0.1471262198345571 , 1.1496588344373995
-0.12311138824990621 , 0.14066680519993485 , 1.1335582931428787
-0.1427185893150088 , 0.13495737026090365 , 1.1193026725510418
-0.15984693278340661 , 0.1296248142499473 , 1.1059399159000616
-0.1746034717646349 , 0.1247568927118193 , 1.0936833450896362
-0.18615735969754163 , 0.12075832181401683 , 1.0835646282225952
-0.19355942987435348 , 0.11810571296607225 , 1.0768239251359988
-0.1966625553967319 , 0.11697112527024445 , 1.0739354845812012
-0.19729187500162015 , 0.11676397400166266 , 1.0746354828784366
-0.2076377968659533 , 0.1134670318474205 , 1.090075861638039
-0.2379967593753159 , 0.10364739450134672 , 1.1292007023118185
-0.29155938285559146 , 0.08581474619595539 , 1.180077265934761
-0.35604943127151933 , 0.06399922276162638 , 1.2169581860538252
-0.4175905883456933 , 0.044304393403749295 , 1.2312703454906235
-0.46106401193321966 , 0.0343084025567975 , 1.2287335425430732
-0.481900748890027 , 0.03670316799251243 , 1.2196487995871885
-0.4927501411170415 , 0.04552196687706177 , 1.2085476836926259
-0.5066233535884994 , 0.058790337163481386 , 1.192958334591135
-0.5209999428161384 , 0.0747773513907581 , 1.1752537186994743
-0.5329923984764502 , 0.09029391714226195 , 1.1589127462787656
-0.5437407881826544 , 0.10638321550382138 , 1.1426368184455495
-0.5533301530528963 , 0.12305497516005995 , 1.1263323260349118
-0.5622138528036755 , 0.14122316004099217 , 1.1090775890306512
-0.5699131858469103 , 0.1602052252795024 , 1.091547238063248
-0.5764020490525188 , 0.17953427202553635 , 1.0738992651914976
-0.5816529742467816 , 0.19973823854703285 , 1.0558738130992424
-0.5855358911657496 , 0.21995378184891706 , 1.0380572882613301
-0.5881880470300358 , 0.24091073930646179 , 1.019757516264355
-0.5895064499697744 , 0.26203715841034725 , 1.0014223102727218
-0.5881322491749902 , 0.30512402706370234 , 0.9641388738175272
-0.5854229095264155 , 0.3267429979729722 , 0.9453742482046282
-0.5813239434302595 , 0.3485256476734515 , 0.9263529558213174
-0.5759509125060633 , 0.36987266785964806 , 0.907543600688061
-0.5691989661734924 , 0.3912128305604097 , 0.8885139126842502
-0.5610497589086088 , 0.4124567534664177 , 0.8692806124417805
-0.5515706677490313 , 0.43334933451746255 , 0.8500130625260311
-0.5405159088592513 , 0.4542846152800433 , 0.830274254082974
-0.5285259847511949 , 0.47405862873201743 , 0.8111458460688522
-0.5151949532396766 , 0.4933764349217238 , 0.7919135480493549
-0.5009219378519335 , 0.5117707583162692 , 0.7729703998064544
-0.48526206067989036 , 0.5297002278772275 , 0.7538084353099886
-0.468630008852366 , 0.5466822978523582 , 0.7348722381480677
-0.4506701079608443 , 0.5630440077908869 , 0.71572991467132
-0.43200001355245976 , 0.578211262373837 , 0.6969972423879947
-0.41240653965222757 , 0.5923886411350683 , 0.6783915138028784
-0.39178270104796953 , 0.6056055855326542 , 0.6598109688914701
-0.33820856198109994 , 0.6331619240785523 , 0.6150836194284499
-0.3158487699282307 , 0.6421121403325477 , 0.5976715341128307
-0.29183793460377616 , 0.6502377144101955 , 0.5796320781672752
-0.2681001990838653 , 0.6568502928485139 , 0.5623843937826268
-0.24358618178865105 , 0.662272793301516 , 0.5451105899754513
-0.21894918798318252 , 0.6663424020574725 , 0.5282367380750472
-0.19387892294867076 , 0.6691091749592067 , 0.5115099450425784
-0.16865325365199316 , 0.6705160729388915 , 0.4951050229051196
-0.14362245744475943 , 0.6705956392247164 , 0.47913332859079566
-0.11593338715258639 , 0.6691294262883576 , 0.4618567822552482
-0.08877539843588031 , 0.6661088589584735 , 0.44524122035181757
-0.06822491591274062 , 0.6627673372785488 , 0.4328605400806875
-0.051640409218778646 , 0.6593949889164672 , 0.42297714923946234
-0.0363947239723344 , 0.655744332575372 , 0.4139902600563463
-0.02223071410165877 , 0.6518894924279981 , 0.40566176780338803
-0.00982139401737405 , 0.6481195995981174 , 0.3984279747077502
0.0003462041773657637 , 0.6447554591481199 , 0.3925296150180478
0.007681595741047806 , 0.6421712078398931 , 0.38828925793960223
0.011897352385330379 , 0.64062539238663 , 0.38585773822626257
0.013015571384376326 , 0.6402078508592177 , 0.3852135784414372
0.01844204200061468 , 0.6475087090327566 , 0.3941500143166908
0.05107116244904514 , 0.6820936353937855 , 0.4460394894212703
0.12454084973386532 , 0.7221419832566202 , 0.5582962182884132
0.21460125118727985 , 0.7224080855747906 , 0.6976336392026
0.28641046863465913 , 0.6862502373360271 , 0.816190706126146
0.3187022712455322 , 0.660620530908837 , 0.8670534539972543
0.3305668598262933 , 0.656633154134391 , 0.872721776709105
0.34425142334406544 , 0.6538432417745433 , 0.8750401915782843
0.3602770144827978 , 0.6501050209842731 , 0.8776275635994792
0.3763058153728088 , 0.6458534357462342 , 0.8800763276466868
0.3943486298022066 , 0.6404466760377071 , 0.8826638221760364
0.4118243213615604 , 0.6345503778270919 , 0.88502636732398
0.42886438333246046 , 0.6282301530040068 , 0.8871006476248808
0.4460374937387289 , 0.621209023519754 , 0.8890481268842921
0.46280762846392454 , 0.6137275697673727 , 0.8907759691099106
0.47955631161498746 , 0.6056210741812394 , 0.8923236708351849
0.4962367261656339 , 0.59686872585597 , 0.8937144626275042
0.5125130395253693 , 0.587734644141683 , 0.8948203742286764
0.5518299472625292 , 0.5627965385167246 , 0.8967604915649545
0.5672908126894937 , 0.5518280642021391 , 0.8971821104116918
0.5826078284754258 , 0.5402657245062742 , 0.8973921746250645
0.6004502456631643 , 0.525871792951821 , 0.8973576220155296
0.6150150930845086 , 0.5133368292737593 , 0.8970896830240397
0.6292712703785472 , 0.5003376823150951 , 0.8966019688464405
0.6432060097821698 , 0.4868865732654629 , 0.8958925787860801
0.6569137814527617 , 0.4728840581054537 , 0.8949515128811363
0.6701671903778226 , 0.45856351701819575 , 0.8937920863278038
0.6831656341730922 , 0.4437108694454797 , 0.8923945854214741
0.6957921598442887 , 0.42845158441827425 , 0.890766206002161
0.7080370663833219 , 0.4127993117457848 , 0.888906060221497
0.7197656470859148 , 0.39688650338465203 , 0.8868735977324765
0.7313465226660708 , 0.38037090357218584 , 0.8844880113888058
0.7423095149548954 , 0.36375564114038805 , 0.8819504887417868
0.752947352527706 , 0.34667214772295574 , 0.8791606169122113
0.7629283134113098 , 0.32967948481732656 , 0.8762119238730764
0.7728050400728489 , 0.3118282968318182 , 0.8729356418953194
0.7821713385370613 , 0.2938185952443999 , 0.8694522084052663
0.7911012329234617 , 0.27552565405410323 , 0.8657378158067612
0.7996555068587952 , 0.2568156530185602 , 0.861761592511146
0.8077292733324678 , 0.237915170474447 , 0.8575691072838005
0.815555684086459 , 0.21823656462460136 , 0.853022254756418
0.8221114722173352 , 0.20053284134419874 , 0.8487778933999566
0.8282195873896491 , 0.18284352301610204 , 0.8443955125221345
0.8329516119866204 , 0.16820146997854152 , 0.8406634374456848
0.8362938799638648 , 0.15728370443621456 , 0.8378202292945875
0.8391901140056992 , 0.1473826347209558 , 0.8351978972930605
0.8416892319114703 , 0.13847047768603934 , 0.8328021915760229
0.8437506896397877 , 0.13083322825638258 , 0.830722869380176
0.8452567958999821 , 0.1250742967943081 , 0.8291389976469471
0.8460796404777157 , 0.12185950769994723 , 0.8282488926716127
0.8462796152568329 , 0.1210707999931771 , 0.8280298242440538
0.8480069121692044 , 0.12206481524331848 , 0.8256010718089521
0.8687492313966088 , 0.13448361964974576 , 0.7950727570173464
0.9125020719466781 , 0.1637117913709556 , 0.7204718331464381
0.9606134588540628 , 0.20375966455970523 , 0.612951552013519
0.9913213624959425 , 0.24144524455222466 , 0.5136864173895527
1.002918043412003 , 0.271710420026354 , 0.4546668865949317
0.9989522653376219 , 0.3048529731977785 , 0.45092665268786297
0.9912637733824505 , 0.3323294149681322 , 0.46356945283643464
0.9806742587453849 , 0.36543070631894914 , 0.4790639533500922
0.9690156289703293 , 0.39759924923956647 , 0.4941445756782897
0.9554167048131053 , 0.43083439620438224 , 0.5100688830478819
0.9404187516840106 , 0.46358298025338507 , 0.5260441341453072
0.9244488940140477 , 0.49494977107971005 , 0.541744189789679
0.9071605043610568 , 0.5258743804488613 , 0.5573712511321754
0.888780418149017 , 0.5557923403821409 , 0.5729446625077368
0.8689205577640056 , 0.5853619385796124 , 0.5887410416298727
0.8484092448017198 , 0.6133877749715824 , 0.6041397766874027
0.8266578753080664 , 0.6407390588002786 , 0.6196304327205956
0.8040542031323141 , 0.6669363928290256 , 0.634963333371082
0.7802815848678073 , 0.6923553168387451 , 0.6503799705443886
0.75556408170771 , 0.7167407503181946 , 0.6657536762210885
0.7299508553107047 , 0.7400533414882304 , 0.6810805916199086
0.7032795996121308 , 0.7624278345278148 , 0.6964778875646365
0.6762425395305144 , 0.7833147508553944 , 0.7115786289252676
0.6475791409026108 , 0.8036560913855848 , 0.7271023390837961
0.6191225620813717 , 0.8221610653687883 , 0.7420824581124164
0.5897858339991454 , 0.8395572665097206 , 0.7571966641338773
0.5597026447367746 , 0.8558796386194119 , 0.7721992592266756
0.5293142831388455 , 0.870758569291258 , 0.7870971733039627
0.4979830177265574 , 0.8845439865118726 , 0.8021590197089838
0.46625253809817274 , 0.896976216750615 , 0.8171371770854202
0.43393514505234193 , 0.9081235675787539 , 0.8321436182430052
0.4021037420631705 , 0.9176629178471782 , 0.8467111907889252
0.3698172183013511 , 0.9259228674141281 , 0.8613006321156405
0.3373905401449434 , 0.9328191152255776 , 0.8757921138950535
0.3048869833000245 , 0.9383514774027973 , 0.8901818000521089
0.2726255783098454 , 0.9424952869786954 , 0.9043538212082609
0.2401565989182737 , 0.9453221886406771 , 0.9185293546049196
0.20805260594566183 , 0.9467964328054546 , 0.9324814467123661
0.1761178939551569 , 0.9469571851488021 , 0.9463184758152808
0.14441194327972215 , 0.9458189342395553 , 0.9600367905437778
0.1122331499914113 , 0.9432764505380202 , 0.9740200833166858
0.0811845009241969 , 0.9396145938855596 , 0.9874219324332525
0.050039253426557156 , 0.9345766379571839 , 1.000969932789738
0.020080333190771196 , 0.9284491222000244 , 1.0140677320946725
-0.010075129556498447 , 0.9209668535346223 , 1.0273403953613818
-0.05261529087681641 , 0.9080585943298722 , 1.0462667390653662
-0.08125259343296422 , 0.8977281708461369 , 1.0591789376436516
-0.10875051166992641 , 0.886483814286141 , 1.071739348933572
-0.13572585977607218 , 0.8741098442970869 , 1.0842456153770788
-0.162060729026827 , 0.8606534461000587 , 1.0966644452959324
-0.18773288584264058 , 0.8461214026435082 , 1.1090065355201142
-0.21093393219925383 , 0.8316822248086044 , 1.120396629759986
-0.23421882517662587 , 0.8158258133657269 , 1.1320929271232951
-0.2529031675095986 , 0.802018032477824 , 1.1417016575642747
-0.266447977897864 , 0.7913496621169853 , 1.1488100836691746
-0.27810915560369465 , 0.7816864910624792 , 1.1550376638850477
-0.28857945719527134 , 0.7726069604976756 , 1.1607226705950562
-0.29756437237535466 , 0.7644917951223343 , 1.1656780279762677
-0.3044865057630307 , 0.7580240678229727 , 1.169547965297521
-0.30892529870193763 , 0.7537733348991222 , 1.1720549203887376
-0.3107158657920184 , 0.7520351432125687 , 1.1730719295153949
-0.3109842966384044 , 0.7522013363577615 , 1.1732938179407948
-0.31828745052835494 , 0.7592833349682576 , 1.1795379767151122
-0.3380997410034875 , 0.7768512807023973 , 1.193467650702471
-0.3625892603791403 , 0.792550209833612 , 1.199359798590097
-0.3758758203280795 , 0.7878172833429561 , 1.1761413445700486
-0.36772587075732877 , 0.756086650257294 , 1.1251549327755168
-0.3462709742076953 , 0.7138715515854168 , 1.0676358405506512
-0.3254598145035794 , 0.6812593558141867 , 1.0325741647151294
-0.31389497443442604 , 0.6679167006462527 , 1.0322538526178622
-0.30607909626956464 , 0.6624442264156435 , 1.048328252475239
-0.2959808529514357 , 0.6551732355809632 , 1.0689021921884814
-0.2841019095707702 , 0.6461658875511042 , 1.0920419219622626
-0.27217383032525005 , 0.6366598936763506 , 1.1142307927666986
-0.26052537398462605 , 0.6269567409979828 , 1.1349787056061367
-0.24890396262676012 , 0.6168841206147256 , 1.1548447006015037
-0.23701273682022642 , 0.6061910287851607 , 1.17437263089817
-0.22457405634070826 , 0.5946041685610725 , 1.1939931232064502
-0.21188373442157443 , 0.5823751737213908 , 1.2132146175100835
-0.19936214611088937 , 0.5699179361360629 , 1.2314386841274299
-0.18653184570818004 , 0.5567618503784202 , 1.249388550149797
-0.17350766816899876 , 0.5430108202269709 , 1.2668970889259807
-0.1601998779435912 , 0.5285561448991811 , 1.2840784248735677
-0.1468340246591104 , 0.5136337102137809 , 1.3006430317969877
-0.13310644803328434 , 0.49789052171947723 , 1.31696061060001
-0.11281524407205587 , 0.4738540539572063 , 1.339837128834632
-0.09878863799102894 , 0.45670754135485797 , 1.3548115352585541
-0.08500187923426168 , 0.43943204125448815 , 1.3688789456485142
-0.07081001755466997 , 0.42121091512887765 , 1.382698195595388
-0.057006122993863664 , 0.40305949553417325 , 1.3955052825599294
-0.04293989719975262 , 0.38412504399681807 , 1.4079193002646098
-0.028961897393364862 , 0.3648664644455793 , 1.4196236793513695
-0.014752971702820285 , 0.34483074846165757 , 1.4308783578227044
-0.0006652515763453243 , 0.32450106384912974 , 1.4413970665020193
0.013285121832338972 , 0.30390382783492337 , 1.4511831429142732
0.02752693804288195 , 0.2823863306405658 , 1.4605223393309084
0.041486468925215236 , 0.26080115280206584 , 1.469031005180234
0.05536978762188752 , 0.23883265137290685 , 1.476850388045607
0.06938724062803997 , 0.21611551952340802 , 1.4840823579763809
0.08283978995610683 , 0.19381692547976226 , 1.4903849906970013
0.09671314490863758 , 0.17025460580227397 , 1.496210876530701
0.10990556709529113 , 0.1472994259935057 , 1.5010977531238672
0.12335866036374586 , 0.12330887796649048 , 1.5054026520533794
0.1363178292443173 , 0.09961129922054454 , 1.5088761489623277
0.14928665424246937 , 0.07528281707485368 , 1.5116612843627477
0.16194025068354947 , 0.050916416706881386 , 1.5136796205980487
0.1743662095180146 , 0.02634340971940143 , 1.5149529355351343
0.18664593081179845 , 0.0013893110500566791 , 1.5154800681320146
0.19866647179734231 , -0.0237276549554609 , 1.5152462886488995
0.21032436980875016 , -0.048783423730523 , 1.5142615264602943
0.22188323795369852 , -0.07435063021538124 , 1.512493203172114
0.23288571128763186 , -0.09940401650748446 , 1.5100199557221827
0.2438515961333393 , -0.12511986446265255 , 1.5067244708695375
0.2544237546411483 , -0.15066962116353258 , 1.50269401737624
0.26476183018129795 , -0.1764288570375294 , 1.4978681640971598
0.27469796464965546 , -0.20196869590199468 , 1.4923261493374411
0.2843081588763158 , -0.22746435562455367 , 1.4860378814582875
0.2935866513700652 , -0.2528902124014416 , 1.4790087889430503
0.30238952540472985 , -0.27782258601551735 , 1.4713731310989784
0.31105941932414627 , -0.3032325252950992 , 1.4628239134152443
0.3194093048979119 , -0.3286586864578349 , 1.453485013283113
0.32715028028349785 , -0.35299863725346003 , 1.443784230636236
0.33504148699904096 , -0.37886359723841406 , 1.4326541540403357
0.3420953502241167 , -0.40295397202978706 , 1.4215028069344036
0.3488980979421226 , -0.4271887419050532 , 1.4094985962750246
0.35814393237667486 , -0.4620082716060294 , 1.3908200516620393
0.36403127007373914 , -0.4855468862667277 , 1.3771969855456137
0.36961417556675324 , -0.5090753263062273 , 1.3627395472114952
0.3751642747730858 , -0.5338890433159588 , 1.3465408730504675
0.3801145651412486 , -0.557523892135691 , 1.3301586677191188
0.3840515006486072 , -0.5775973576974354 , 1.3154764538547927
0.38702047766497244 , -0.5936648130035618 , 1.303189871564259
0.38951476831577336 , -0.6079214504499619 , 1.291872061004916
0.3917930760418801 , -0.6216831573743783 , 1.280560818323184
0.3938271396299435 , -0.6346993715899313 , 1.2694987000057318
0.3955977086343992 , -0.6467187518182567 , 1.258956899228203
0.39699258218368855 , -0.656741366460784 , 1.2499170395123398
0.3980088923035391 , -0.6644144374311712 , 1.2428378152846171
0.39862431601453424 , -0.6692385557734879 , 1.2383148410577283
0.3988671141309129 , -0.6711847296978225 , 1.2364742477795143
0.39447486196399895 , -0.6703656367536341 , 1.2376043558295347
0.33632266861111987 , -0.654535706585051 , 1.2523428353941344
0.21257238919525479 , -0.5929106750190187 , 1.2733715210665983
0.09147215003973275 , -0.4682088297414754 , 1.2660651250055464
0.03899328375312466 , -0.3326546647625528 , 1.215091096803673
0.038285798370153945 , -0.24682375393920536 , 1.1528081039409313
0.04653435510626662 , -0.2151574858938012 , 1.1210015633469559
0.04982350864451453 , -0.2129183074505973 , 1.122015947046782
0.053034667185748396 , -0.21416945354005473 , 1.128424485518013
0.05687051867860371 , -0.21554712188636385 , 1.1356878003235433
0.060857062672105194 , -0.2169325260461891 , 1.14307519495837
0.06466397762026438 , -0.2181359618964761 , 1.1497665792661806
0.06865504734223185 , -0.21930170290481202 , 1.1565078711946282
0.0726868320357831 , -0.2203821505269474 , 1.1630544368580045
0.07685262949970671 , -0.2213984053867315 , 1.1695615941761521
0.08108637821061758 , -0.2223294112992093 , 1.1759273010873308
0.08541903042449037 , -0.22317824914478762 , 1.182202397768392
0.0898844237178323 , -0.22394541212349448 , 1.1884348789641124
0.09441968526504727 , -0.22458044515094364 , 1.1945334517160808
0.0989949673258251 , -0.22518041039851636 , 1.2004807195005
0.1037066298570894 , -0.2256493480786978 , 1.206390137340431
0.10850773126504726 , -0.2260106547370658 , 1.2122073949784418
0.11336184330567899 , -0.2262230019672881 , 1.217894436326028
0.11836766356105693 , -0.2263905724954426 , 1.2235643688338929
0.12350083207548493 , -0.2263985914059069 , 1.2291900763523518
0.130796486394311 , -0.22618948564940114 , 1.236879229653337
0.13594936951541448 , -0.22588704598592763 , 1.2421085028130154
0.14129503691053988 , -0.2254386562421828 , 1.247369265526157
0.14666402652926067 , -0.22485069270208818 , 1.2524947316691932
0.1520935969929635 , -0.22411595474803825 , 1.2575262027351395
0.15749250192656128 , -0.2232454692355702 , 1.2623865023832872
0.162985137398347 , -0.22221625592393962 , 1.2671932445915925
0.1685679257492464 , -0.22102092181094216 , 1.2719440942275795
0.1741924382103514 , -0.2196633738141623 , 1.2766004175433383
0.17986542768824007 , -0.21813677224708108 , 1.2811716737159207
0.18581118602208124 , -0.2163651525473621 , 1.285835379980076
0.1920957476418907 , -0.2142982927592197 , 1.290629337030768
0.19757276999287401 , -0.21233130237531922 , 1.2946986498594184
0.20208004632856613 , -0.21059500449916313 , 1.2979757455185037
0.20620653475321632 , -0.20891062868743826 , 1.3009224631993055
0.2103259067064901 , -0.20709606575179731 , 1.303832193044595
0.21429079943944662 , -0.20534138040779415 , 1.306551598484054
0.21788229130121806 , -0.2036383718624356 , 1.308993117250199
0.22052164433463517 , -0.20233963562601856 , 1.3107645794241678
0.22207896761411267 , -0.20155420093244325 , 1.3118004070416966
0.22251562514729084 , -0.20133125669218216 , 1.3120887088758604
0.22161213488396767 , -0.20043053257374666 , 1.3126090454199102
0.19918529335564658 , -0.17454570140588496 , 1.326031399985621
0.16380379025277675 , -0.09108976872779441 , 1.3539239410130566
0.1901970597981933 , 0.05002264642051689 , 1.3695450089812096
0.3073148282596504 , 0.167138056408195 , 1.348837996900819
0.461040226266362 , 0.18465166450125545 , 1.3044017082053214
0.558069758958397 , 0.1494948827177728 , 1.2694968263724473
0.577360466119643 , 0.1567371668284654 , 1.2590803661405687
0.5809574055092116 , 0.17348988452093625 , 1.2544354612650328
0.5845982413722703 , 0.193761944816638 , 1.2487423207355528
0.5877387157139712 , 0.2161572360145378 , 1.2423574330243923
0.5898640125200646 , 0.2371479494179892 , 1.2362776883692295
0.5911578734764606 , 0.2576774768332156 , 1.2302591871885604
0.5918018480163785 , 0.2787030787897423 , 1.2239510224855656
0.5916611323152969 , 0.29952337448393107 , 1.217620220132608
0.5907520858078662 , 0.32094468920936065 , 1.2109914771251211
0.5891124703723448 , 0.3419437331437972 , 1.204374004685936
0.5867264869211838 , 0.362990998374529 , 1.1976162348393986
0.5835916222147951 , 0.3840597939355091 , 1.1907190887562178
0.5776654268489458 , 0.41481011489376335 , 1.1803986427366548
0.5725983238013642 , 0.43615078082556175 , 1.173046678975092
0.5668057087107288 , 0.45725170043296826 , 1.1656134203762663
0.5602528359551044 , 0.47825238151425625 , 1.1580430112458364
0.5529425343913299 , 0.49912546931847146 , 1.1503365065015805
0.5446790603371836 , 0.5203310349010463 , 1.142308124600102
0.5359211513457625 , 0.5407018462758687 , 1.1343928665580576
0.5264319571409788 , 0.5608666723893111 , 1.126346897373923
0.516134135359855 , 0.5809566459102454 , 1.1181059235254924
0.5055555751813487 , 0.6000090914017056 , 1.1100664735234391
0.49355211249966857 , 0.6200185353590686 , 1.1013684677433575
0.48127283800764625 , 0.6389186416685222 , 1.0929204387221465
0.46828006309114883 , 0.6576979949356875 , 1.0841957913715836
0.45446251611057853 , 0.676233739621726 , 1.0753190735040727
0.43985177340745807 , 0.694522353919455 , 1.066246471774654
0.42444540742829356 , 0.7125295034876964 , 1.0569763313636054
0.4086238959122887 , 0.7298172291404136 , 1.0477270066561861
0.3921684956215735 , 0.7466448217130758 , 1.038357041896347
0.37536854678452225 , 0.762736081490776 , 1.0290181105863114
0.3574198729807143 , 0.7788295584976231 , 1.0192604815938853
0.3391605706328398 , 0.7941431525555283 , 1.0095365740949982
0.32048556934299094 , 0.8087954893216158 , 0.9997753226880931
0.30080788243816703 , 0.8232181381641364 , 0.9896655339736582
0.2810622447344796 , 0.8367208707026037 , 0.9796788282775016
0.26114230704917485 , 0.849427377227063 , 0.9697439103658918
0.2399267226258429 , 0.8620154658125893 , 0.9592974684848121
0.21925067841163462 , 0.8734026115444119 , 0.9492329389394989
0.19711932280213817 , 0.884683124249378 , 0.9385698951672937
0.1752600387761345 , 0.8949518972019351 , 0.9281338791893843
0.1530155305224839 , 0.9045547943122454 , 0.9175973294305853
0.1298616443885955 , 0.9136841364825417 , 0.9067052279110118
0.10672238935798696 , 0.9219620565388137 , 0.8958833540501059
0.08307559301214965 , 0.9295818246647877 , 0.8848767711750404
0.059318367220105 , 0.9364122380811006 , 0.8738603435255848
0.03509898889841695 , 0.9425512394821172 , 0.8626607663810486
0.010630750315575518 , 0.9479321420815534 , 0.8513666774322214
-0.014255358573482133 , 0.952579552491191 , 0.839889650290959
-0.038750483551985536 , 0.9563587684860545 , 0.8285921088566296
-0.06400352373905152 , 0.9594444151407346 , 0.816933404687826
-0.089600119226248 , 0.9617453155197508 , 0.8050931478991263
-0.12570791476154544 , 0.9635953526654983 , 0.788330268800767
-0.15093939593848824 , 0.96392802174084 , 0.7765600971916714
-0.1764194413333931 , 0.9634670249755719 , 0.7646145382396357
-0.20171973100573012 , 0.9622182010236647 , 0.7526833785668404
-0.22721448557559387 , 0.9601612672897415 , 0.7405789317415663
-0.25267541494202567 , 0.9573035001821651 , 0.7283972942538368
-0.2776754986272049 , 0.9537098593775093 , 0.7163344991096365
-0.30278711463563757 , 0.9493003530708389 , 0.7041164162000181
-0.32798293101925047 , 0.9440660742660656 , 0.6917294450814118
-0.35303609616277426 , 0.9380433136545436 , 0.6792720035084038
-0.3777244850152954 , 0.9312940740177945 , 0.6668447511639248
-0.4024134491277709 , 0.9237175058908988 , 0.6542521936764288
-0.42649645945192727 , 0.9155087239804128 , 0.6417943071163147
-0.45052866765211363 , 0.9064877060440725 , 0.6291746120434303
-0.47466614706040233 , 0.896565155815309 , 0.616292527450641
-0.4983035485819409 , 0.8859446502158196 , 0.6035354079260783
-0.5216378847188059 , 0.8746530243877373 , 0.5905516652792556
-0.5440735809710464 , 0.8629042532824309 , 0.5779028114268725
-0.566859778451947 , 0.8500694032177701 , 0.5647916329627432
-0.5890695261625205 , 0.8366384060546243 , 0.5517302181204292
-0.6105193446280857 , 0.8227554962329835 , 0.5388250755278963
-0.6320395631480152 , 0.807872521880398 , 0.5255612708137553
-0.6525999090367985 , 0.7927026210456197 , 0.5125623662892439
-0.673482984427318 , 0.7762767763524969 , 0.4989972607121516
-0.6932164092767021 , 0.7597421499649812 , 0.4858064322046454
-0.7125810607903665 , 0.742482679763042 , 0.47246986713531053
-0.7313987495171911 , 0.7246460689506095 , 0.45909398775571547
-0.7495091711226053 , 0.7063988216305261 , 0.44578645824709434
-0.7670449617945827 , 0.687622432114734 , 0.432443975500288
-0.7838570468601015 , 0.668492215843766 , 0.41917469333532786
-0.8003255230445652 , 0.648564034261731 , 0.40566164850140574
-0.8164050226312974 , 0.6278369249656559 , 0.39190531767849623
-0.831478205963024 , 0.6071233206865508 , 0.3784289282356454
-0.8467267384002416 , 0.5847297798497145 , 0.3641309545253694
-0.8619112925996207 , 0.560771232213227 , 0.34911126315053903
-0.8747639557130641 , 0.5389850547751311 , 0.3356748000501312
-0.8846840895641916 , 0.521072021698254 , 0.3247686203346865
-0.8935151901941311 , 0.504199845613138 , 0.3146021652903828
-0.9017098972399042 , 0.48765246651412547 , 0.3047229576295436
-0.9094926039048801 , 0.4710272005317947 , 0.29488102396679855
-0.9188122641304804 , 0.44975627257020945 , 0.2824003006365131
-0.9231780961203367 , 0.4392010944114525 , 0.27624963696453997
-0.9253827697534152 , 0.433709891327421 , 0.27306029232510504
-0.9258434478463361 , 0.4325480220299568 , 0.2723863908716398
-0.9265284856057294 , 0.4336027460375486 , 0.27736196348354153
-0.9316288393888348 , 0.4451847125529045 , 0.33639868013102264
-0.9240891514945546 , 0.4652730733921825 , 0.468712239535925
-0.8768427332628663 , 0.47779257327525937 , 0.6410199691985803
-0.8012531247846013 , 0.47169061704135357 , 0.7859655580651395
-0.7391387541004334 , 0.45529511130435274 , 0.8706118032837546
-0.7212890539653759 , 0.4420873664095827 , 0.8964896102605122
-0.7149376753838415 , 0.42810502710687937 , 0.9114455668915394
-0.7060586816095376 , 0.4104287938317303 , 0.9302290447511884
-0.69648178454461 , 0.3932609618835653 , 0.9483582832875657
-0.6867017891565215 , 0.3773216674430733 , 0.9651049181256369
-0.6763201749359249 , 0.361821696340475 , 0.9813257383056134
-0.6653642805025103 , 0.34677345838864787 , 0.9970272161986715
-0.6534867136176855 , 0.33173266696876486 , 1.0126897672448687
-0.6411129567717884 , 0.3172840046801095 , 1.027739532716303
-0.6283183947148141 , 0.30340513895441634 , 1.0421623521587757
-0.615002928699961 , 0.29002728128645916 , 1.0560996103011415
-0.6007901745036633 , 0.2767817235234835 , 1.0699333445674803
-0.5862487151460232 , 0.26421229884898795 , 1.0831108401142175
-0.5710600638984257 , 0.25203464609515275 , 1.095944057879562
-0.5554851126041718 , 0.2404599173960692 , 1.1082242129608697
-0.539040660728075 , 0.22915204084641738 , 1.1203236280977216
-0.5225150757014552 , 0.21865474832649673 , 1.131673284696072
-0.5052827526218585 , 0.2085620180255442 , 1.1427230587631603
-0.4842728411026936 , 0.19734665045281474 , 1.1552082249525775
-0.46615082203563496 , 0.18856730194249488 , 1.1651796364710103
-0.447956953822062 , 0.18053176248510644 , 1.174505457930967
-0.42929229073245895 , 0.17304582536946772 , 1.1834087485193743
-0.4104234422017042 , 0.16594913815162254 , 1.191809076772068
-0.3911742071657357 , 0.160178880430771 , 1.1996418017172763
-0.37168460669265735 , 0.15462137661838177 , 1.2070275463009108
-0.3519648201884506 , 0.1497525041971322 , 1.2138984378036564
-0.3320506815977107 , 0.14556172260441091 , 1.2202511121193538
-0.31260689117533463 , 0.14215200958189045 , 1.225906853742488
-0.29191880040284807 , 0.13924609889409353 , 1.2313502645018997
-0.2719217833569661 , 0.1371310939920477 , 1.2360642314590227
-0.24187656460499457 , 0.1352137263077519 , 1.2421600496400518
-0.221747032893695 , 0.13476596764577442 , 1.24559321553341
-0.20096944206132303 , 0.13500339217479995 , 1.2485956435753653
-0.1803789726289609 , 0.13593893093853665 , 1.2510310556760953
-0.16032483701703715 , 0.13752204440403237 , 1.252886015689295
-0.13971420617945302 , 0.13984474767155297 , 1.2542577502674812
-0.11969508974253734 , 0.14278325644418277 , 1.2550655325295568
-0.09981495601199866 , 0.1463769499196185 , 1.2553478397636857
-0.07978998715260878 , 0.15069059213740282 , 1.255097221727135
-0.059965546967680826 , 0.15566326652212087 , 1.2543059435672737
-0.040978509287361214 , 0.16109944969927964 , 1.253025041862586
-0.021931242921167507 , 0.16723672951485058 , 1.2512065143932232
-0.003010171672259171 , 0.17403688152461882 , 1.2488480932699064
0.015606140375876971 , 0.18144108216173482 , 1.2459643192193097
0.033891801234775816 , 0.18943589914746628 , 1.2425576851995568
0.05140219400854886 , 0.19779804734459183 , 1.2387297168964273
0.06923358452165033 , 0.20706533414575073 , 1.2342243165363547
0.08624719712436592 , 0.21666039823018435 , 1.2293121019086253
0.10257927775366012 , 0.2266112496067401 , 1.2239877891853537
0.11923994895646853 , 0.23756670806269042 , 1.2178879228292991
0.13491488362369536 , 0.24867755312266362 , 1.2114740867704121
0.1502215397232154 , 0.26034767121942326 , 1.2045142377107543
0.16512743575584227 , 0.2725676753548375 , 1.1970015953399833
0.1792697699138932 , 0.28502482176510335 , 1.1891232140634038
0.193184159752479 , 0.2981960237550283 , 1.1805663253483107
0.2067105595179698 , 0.31197931431692316 , 1.1713746723315763
0.21912960645450374 , 0.3256003820952495 , 1.162062696389693
0.23113624433217209 , 0.33977828600294946 , 1.152136394557014
0.24234067063067297 , 0.35404532597584176 , 1.1419125904072962
0.25292188702971513 , 0.3685955462498974 , 1.1312466023633287
0.26309653771333547 , 0.3837589988316065 , 1.1198759655499615
0.27245098329287076 , 0.39892420887412083 , 1.1082437845010318
0.2810719391936624 , 0.4141754752541492 , 1.0962816352018132
0.2891474551985711 , 0.42985075459953265 , 1.083707801956765
0.2963070568331679 , 0.4451843694470184 , 1.0711294966981235
0.303104761770555 , 0.4613877490887095 , 1.0575314319285964
0.3089515443566348 , 0.47706351339911673 , 1.0440681726063656
0.3141564619931306 , 0.4929316281618895 , 1.0301209334820711
0.3186666121476269 , 0.5088391066721712 , 1.0158049821380544
0.3224522208208804 , 0.5246316366283887 , 1.001247485141003
0.32676409591292177 , 0.5478118595369181 , 0.9792204639187435
0.32888970103265214 , 0.5637943612736792 , 0.9635544135077146
0.33029775715074644 , 0.5796609357711943 , 0.9475831422983824
0.33099871210515797 , 0.5952887471754524 , 0.9314210539840022
0.3303214939770371 , 0.6263355207894342 , 0.8979244020525425
0.3289599334336013 , 0.6414550698399144 , 0.880875118831608
0.326946287238439 , 0.6562346476159006 , 0.8636918727585758
0.32428051114691414 , 0.6707692746107464 , 0.8462512632926207
0.3208844974199518 , 0.6853723732065851 , 0.8281368201042779
0.3168251313797143 , 0.6996652081784396 , 0.8097759099149924
0.3121929310394371 , 0.7134061614512544 , 0.7914728791944148
0.30680950219554215 , 0.7271108362461522 , 0.772510879027994
0.300840919606508 , 0.7403206846871743 , 0.7534850098678156
0.2944240137701487 , 0.7528238727554448 , 0.7347142782761966
0.2873246673094324 , 0.7651023258799433 , 0.7154622645684883
0.2795948568163857 , 0.7770215168936875 , 0.6958865696457666
0.2713034134254767 , 0.7884344984884447 , 0.6761986797379351
0.26254807680625925 , 0.7993151011443153 , 0.6564236472484807
0.25342730331428553 , 0.8094968962153155 , 0.6368778132534918
0.24342202305887695 , 0.8195508317570936 , 0.6164004342851749
0.23232865713472967 , 0.8295299122722307 , 0.5946734353589775
0.22140115876633698 , 0.8383180469622745 , 0.5741119455796703
0.21280727849084935 , 0.8445849617871316 , 0.5584430439552382
0.20515996254962443 , 0.8497273922611237 , 0.5448267989960732
0.19761488591006293 , 0.8544289697252293 , 0.5316643917300675
0.19072476863012702 , 0.8584192873956195 , 0.5198597300050418
0.18495970955745822 , 0.8615472420361487 , 0.5101282552494676
0.1809789660008044 , 0.8635823102114266 , 0.5035348527012664
0.17927808781302945 , 0.864450268672372 , 0.5006587584763111
0.17970087471193372 , 0.8628287640407039 , 0.5007570877617432
0.18981038700718417 , 0.8261810128521078 , 0.5047135829978483
0.21096233788988644 , 0.7279858577751701 , 0.5050547935013736
0.22926262428639585 , 0.5921152605117876 , 0.4938126491616947
0.21894468944373066 , 0.4502066474493994 , 0.46586506920883763
0.181585163234598 , 0.3371187344041563 , 0.4206698524063303
0.14758319718244253 , 0.27288612517447475 , 0.36769487711512283
0.14736378728480798 , 0.2535269443352406 , 0.3215981517111257
0.1842529546836774 , 0.26281196876271784 , 0.2939133047263286
0.23607778424740244 , 0.2784001033977315 , 0.28590299559790533
0.29544702490704017 , 0.2883518211318906 , 0.30135715819210473
0.3101790209020978 , 0.28251538501253776 , 0.30918803751048635
0.3240361137607978 , 0.27633127516651157 , 0.3168617230990766
0.33694555621759226 , 0.2699313456607604 , 0.32430457857196476
0.3496367331178816 , 0.2630033340729792 , 0.3319245528333931
0.36166666458052976 , 0.2558165117974959 , 0.3394521916768627
0.37389171936048904 , 0.2478512700308629 , 0.3474375899317508
0.38570474180103353 , 0.23947121234167842 , 0.35551096868547866
0.3972716592637092 , 0.2305586595839813 , 0.3637967445998971
0.40839248377039117 , 0.2212678724095209 , 0.3721626961602543
0.4190573500965672 , 0.2116249189179348 , 0.38060264865134225
0.4294979155170957 , 0.20141171585942672 , 0.3893163455988537
0.4396012239609969 , 0.19071094084316512 , 0.39823763950629565
0.44904779450473 , 0.17988084986146669 , 0.4070837020210301
0.45813639574231235 , 0.16859341136362718 , 0.41612919457475556
0.4667517602570019 , 0.15702016202922087 , 0.42530134251830265
0.4748468038951043 , 0.14517414449136545 , 0.43452432623620435
0.4825973561174938 , 0.1328480108804983 , 0.4440130124009707
0.4897856854310547 , 0.12033939167782381 , 0.4535461110345918
0.4964704519543029 , 0.10757510645450542 , 0.46319301592009987
0.5026882934267161 , 0.09447392990211356 , 0.4730276494290854
0.5082906674992387 , 0.08136805205351358 , 0.4828148485271167
0.5133710002588098 , 0.06807697129278852 , 0.4927040748576055
0.5179565095243536 , 0.0545161072869611 , 0.5027715881852536
0.5219691817723757 , 0.0409222415628039 , 0.5128553855249888
0.5254170607888013 , 0.027321724021967517 , 0.5229497643382025
0.5284115552022312 , 0.013189414413135335 , 0.5334639507205183
0.5308239952828112 , -0.0009015178346852698 , 0.5439726786153651
0.5326314888949085 , -0.01470771078669112 , 0.5543213948192958
0.5339077052491397 , -0.028644792085284684 , 0.5648298936114833
0.5346401239874197 , -0.042689161908274445 , 0.5754963077180059
0.5348164155696477 , -0.05692631386162149 , 0.5864033963648996
0.5344245383988389 , -0.07100107258610482 , 0.5973001750057195
0.5335033291201012 , -0.08477783429884375 , 0.6080780811818656
0.5320297097555869 , -0.09856522405953666 , 0.6190065010132971
0.5300189324102302 , -0.11222873897040883 , 0.6299904382168947
0.5275000465332541 , -0.12563921332625336 , 0.6409388732995657
0.5244671501971647 , -0.13888224820202402 , 0.6519342155578185
0.5208990050546827 , -0.15203849461521354 , 0.6630603430021115
0.5167936659677504 , -0.16508090300976933 , 0.6743142352007949
0.5099405379329938 , -0.18359861218559098 , 0.6907309614023962
0.5046313113826946 , -0.19601242100330632 , 0.7020662806874899
0.49890112126312247 , -0.20803990727323463 , 0.7133387628998323
0.49271942620798626 , -0.21975970730112326 , 0.7246377511056218
0.486063406279498 , -0.23123998955657746 , 0.7360333228989782
0.47898069257772313 , -0.24236943904217093 , 0.7474473684345959
0.4716137875275548 , -0.2529644114287646 , 0.7586921462703674
0.46374666497393313 , -0.2633441850458295 , 0.7701204597089916
0.45551199290268174 , -0.273321193391572 , 0.7815496459220934
0.44679259577869357 , -0.28302580186858994 , 0.7931539420605521
0.4379481770003023 , -0.29207501441283223 , 0.804482828547943
0.42887508132787555 , -0.30061825542258724 , 0.81571094827862
0.41945019827488655 , -0.30877873242719045 , 0.8270124021013489
0.409765968954871 , -0.31647537218956834 , 0.8382938768596233
0.3999234855160397 , -0.3236426523859232 , 0.8494626898127591
0.3898695134198066 , -0.33033370098105497 , 0.8606037088889624
0.3796264928722371 , -0.3365402161678987 , 0.8717128935122578
0.3691340082452969 , -0.34229828423475456 , 0.8828739393456263
0.3585805658465889 , -0.3475109397762237 , 0.8939070302709604
0.3478224420890276 , -0.3522556399594164 , 0.9049832105017661
0.3371386104033608 , -0.3564221984244256 , 0.9158373898583425
0.3262112244047312 , -0.36014085310736277 , 0.9268128698762197
0.31531719507306577 , -0.36331531131960876 , 0.9376478068857952
0.30432116769742557 , -0.36599621350195227 , 0.9485040372747113
0.2934940155141885 , -0.3681253893865545 , 0.9591279573194916
0.2823453629159126 , -0.369794449502149 , 0.9700218747651408
0.2715048102423796 , -0.37090912229530815 , 0.9805898672523156
0.26065140599441905 , -0.371520605721926 , 0.9911651861974915
0.24997987489287402 , -0.3716238612081318 , 1.0015774111947056
0.2393446664533872 , -0.3712262618187679 , 1.0119879203878295
0.22869070747257497 , -0.370313835560107 , 1.0224716815037729
0.21829154883192983 , -0.368910067578308 , 1.0327798600083078
0.2084032624484749 , -0.36708546681607596 , 1.0426726061317977
0.1983332996792344 , -0.3647121398449477 , 1.0528629581938584
0.18858275600103744 , -0.3618896273667837 , 1.0628683740986131
0.17916789400250843 , -0.358641123705136 , 1.0726875502778963
0.17003265664214218 , -0.3549595000313933 , 1.0823953721063657
0.1612658669157364 , -0.3508927410420276 , 1.0919131062021497
0.15294544967030363 , -0.34650210492880595 , 1.1011658055462095
0.1447583758074717 , -0.3416214027912222 , 1.110521677446556
0.1368680490451865 , -0.33632615556559914 , 1.1198240856548487
0.12930127378805714 , -0.3306257974931668 , 1.1290664198054705
0.12224668973661355 , -0.3246758691473366 , 1.1380317760698566
0.11565070225973295 , -0.31846050490124544 , 1.1467920885626466
0.10942368885469533 , -0.3119009250962559 , 1.1554830674084724
0.1035899463913561 , -0.3050110156039977 , 1.164098100462683
0.09821390576047598 , -0.29786318971308845 , 1.1725648366819723
0.0933446235839135 , -0.2905384600596518 , 1.1808156356115564
0.08904789143129185 , -0.2831847085661135 , 1.1887245488165852
0.0850391939401092 , -0.2752843950837923 , 1.1968570389836986
0.08159766485461839 , -0.2673390496172022 , 1.2047021561240492
0.07868703670683913 , -0.25931677186848284 , 1.2123238319293788
0.07630245369996472 , -0.2512449377612077 , 1.2197229834256664
0.07438638467012726 , -0.24288988800446015 , 1.2271276702084255
0.07303278756566135 , -0.23466516010474436 , 1.2341906834069754
0.07219929305069392 , -0.22646774651966733 , 1.2410294777586226
0.07187458102725992 , -0.2181255198153571 , 1.2478035049264604
0.07208498592101067 , -0.20966404908855704 , 1.2545017736811406
0.07284012756912525 , -0.20124160201464242 , 1.2610135006534706
0.07411478068355241 , -0.19301407897251066 , 1.267239491457435
0.075865876322373 , -0.1850672719820557 , 1.273139170857332
0.07819522142544084 , -0.17697916477329478 , 1.2790410384448516
0.08105016221185624 , -0.1690338356500879 , 1.2847494548089555
0.08445341298452097 , -0.161197273126291 , 1.2903044140701372
0.08837769588556871 , -0.15355854462600566 , 1.29565827522531
0.09270581591932361 , -0.14631346686494737 , 1.3006913766637676
0.09755440766085091 , -0.1392514752484037 , 1.3055661326580363
0.10288094356014306 , -0.13245519941763872 , 1.3102398536055428
0.10872163392259838 , -0.1258984457114409 , 1.3147450373203287
0.11497282170483014 , -0.11970718241286969 , 1.3190094548737623
0.12155619817832658 , -0.11394135822769492 , 1.3230050586269086
0.12866819855679235 , -0.10843847658428592 , 1.3268580508367556
0.1360699090951314 , -0.10339282805089203 , 1.3304455252653433
0.14410964410122826 , -0.09859257666830797 , 1.3339331684806717
0.15247202902233864 , -0.09425883238313179 , 1.33717680259811
0.16105999831894965 , -0.0904300376181537 , 1.3401572853139432
0.1699825135858164 , -0.08705354452598682 , 1.342925687138785
0.1792944448894481 , -0.0841258278469878 , 1.345500226775248
0.18898213915704587 , -0.08167555390950909 , 1.3478746153377097
0.19876347536560413 , -0.07978375783471918 , 1.3499987884345839
0.2089361683548093 , -0.0783744928490644 , 1.3519125582576328
0.22431301646125149 , -0.07730615343854322 , 1.354338130369403
0.23545238495043924 , -0.07728375136246178 , 1.3557623000737824
0.24719738625727586 , -0.07791889141409625 , 1.3569827712105582
0.2585388345991082 , -0.07915947225875009 , 1.3579018926414645
0.2690366108904154 , -0.08084933449360877 , 1.3585350190005903
0.2783058772393151 , -0.08277150498926558 , 1.3589254101847563
0.2871448386237334 , -0.08498000454292384 , 1.3591534460376542
0.29641219316687056 , -0.08769165432588183 , 1.3592433924249583
0.3057892661318785 , -0.09085275135409175 , 1.3591801627949982
0.31479211836623605 , -0.0942890693423407 , 1.358973653379359
0.3226532513782605 , -0.09761760898179195 , 1.3586759807273847
0.32866983064566463 , -0.10037620449034756 , 1.3583735973497904
0.33226222124282867 , -0.10211244455050066 , 1.3581619220461172
0.33348299648219165 , -0.10271826810774319 , 1.358084637091558
0.331827269442125 , -0.10017089781740628 , 1.3586915834718585
0.27285973134318653 , -0.0588831377648248 , 1.3738435449079502
0.11215343722268951 , -0.1229809187013211 , 1.3856874879757162
-0.02031041451907325 , -0.32395380347705655 , 1.335961903285504
-0.008225494780215309 , -0.5373563261271883 , 1.2338646121380612
0.12697267755431663 , -0.6328409037418269 , 1.1619582957481545
0.30006221177010367 , -0.5981613662653916 , 1.1507696372443226
0.45578286854530004 , -0.506780521964435 , 1.151547861080848
0.5866626495821375 , -0.3755374318916981 , 1.1520563361253326
0.6779870446611411 , -0.21115070266592834 , 1.152102975506896
0.7231785561490705 , -0.02161608247917789 , 1.1517549972810195
0.7155342600818689 , 0.17518342114673519 , 1.1510237163786965
0.6547935570331704 , 0.36488554785705213 , 1.1499212983845635
0.5894506081176383 , 0.4834976395811126 , 1.1484574112275407
0.6021276579680261 , 0.48811955229037735 , 1.1465945998714737
0.6146744207434562 , 0.4925995259601403 , 1.1443616661665301
0.6270769278424033 , 0.4969462072740948 , 1.141760360689758
0.639230810067384 , 0.5011241618628307 , 1.1388192869729528
0.6513205804269435 , 0.505196948737184 , 1.1354958249423666
0.6630544184257438 , 0.5090674073999969 , 1.1318768799928134
0.6747996102872382 , 0.5128568776001299 , 1.1278511108057974
0.6863588388957325 , 0.5164998794777316 , 1.1234783630555163
0.6978126746851471 , 0.5200210183095479 , 1.1187251147634807
0.7089284861235224 , 0.5233496523311854 , 1.1136924205057424
0.7209439645946601 , 0.5268440148275526 , 1.1077620605759326
0.7311814981295566 , 0.5297312998126785 , 1.1022834356689764
0.7385681963317968 , 0.5317605481840477 , 1.0980743113639035
0.7451926546798473 , 0.5335399524776853 , 1.0941083272931185
0.751159206159455 , 0.5351085295727688 , 1.0903747720151673
0.7562664894817417 , 0.5364245354400008 , 1.0870525255211814
0.7597206434353099 , 0.5372680448645085 , 1.0847742866844312
0.7613927040582962 , 0.5377197297068105 , 1.0835960773464348
